time	V(vo)
0.000000000000000e+00	0.000000e+00
7.142857226329270e-09	3.314042e-06
1.428571445265854e-08	1.091699e-05
2.142857167898781e-08	2.280883e-05
2.857142890531708e-08	3.898958e-05
3.571428613164635e-08	5.945923e-05
4.285714335797562e-08	8.421778e-05
5.000000058430487e-08	1.132652e-04
7.732285459217011e-08	2.494662e-04
1.226826839060037e-07	5.517352e-04
1.780302632900041e-07	1.007699e-03
2.644298982541718e-07	1.822985e-03
3.791147726032055e-07	2.994915e-03
5.665857759448707e-07	4.975420e-03
3.264539302097148e-06	3.374193e-02
5.962492828249426e-06	6.250806e-02
8.660446354401704e-06	9.127383e-02
1.135839988055398e-05	1.200392e-01
1.405635340670626e-05	1.488042e-01
1.675430693285854e-05	1.775689e-01
1.945226045901081e-05	2.063332e-01
3.863770775609366e-05	4.107744e-01
5.757778823745233e-05	6.122984e-01
7.972084193416974e-05	8.482285e-01
1.231067031914415e-04	1.310818e+00
1.487037073931570e-04	1.583575e+00
1.877662073931570e-04	1.999628e+00
2.268287073931570e-04	2.415321e+00
2.658912073931570e-04	2.830668e+00
3.049537073931570e-04	3.245544e+00
3.440162073931569e-04	3.659955e+00
3.830787073931569e-04	4.073775e+00
4.221412073931569e-04	4.487008e+00
4.612037073931569e-04	4.899529e+00
5.002662073931569e-04	5.311340e+00
5.393287073931569e-04	5.722316e+00
5.783912073931569e-04	6.132460e+00
6.174537073931570e-04	6.541645e+00
6.383704565907781e-04	6.758485e+00
6.543573387001242e-04	6.903065e+00
6.692997922072727e-04	6.987617e+00
6.878415304891359e-04	7.042920e+00
7.154770714147370e-04	7.086810e+00
7.419248322802071e-04	7.112657e+00
7.809873322802072e-04	7.138603e+00
8.200498322802072e-04	7.157680e+00
8.981748322802073e-04	7.183942e+00
9.818801894230646e-04	7.202165e+00
1.065585546565922e-03	7.218433e+00
1.149290903708779e-03	7.232747e+00
1.232996260851636e-03	7.245107e+00
1.316701617994493e-03	7.255513e+00
1.400406975137351e-03	7.263965e+00
1.484112332280208e-03	7.270463e+00
1.707326617994494e-03	7.287110e+00
1.930540903708780e-03	7.302049e+00
2.153755189423066e-03	7.315278e+00
2.376969475137352e-03	7.326799e+00
2.600183760851638e-03	7.336611e+00
2.823398046565923e-03	7.344713e+00
3.046612332280209e-03	7.351107e+00
3.626969475137353e-03	7.365422e+00
4.207326617994497e-03	7.374733e+00
4.787683760851640e-03	7.379040e+00
5.368040903708783e-03	7.378344e+00
5.948398046565927e-03	7.372645e+00
6.528755189423070e-03	7.361942e+00
7.109112332280213e-03	7.346235e+00
7.321165903708782e-03	7.339634e+00
7.533219475137351e-03	7.331289e+00
7.745273046565920e-03	7.321198e+00
7.957326617994490e-03	7.309362e+00
8.169380189423059e-03	7.295781e+00
8.381433760851629e-03	7.280454e+00
8.593487332280197e-03	7.263383e+00
8.666031975137338e-03	7.257056e+00
8.738576617994480e-03	7.249085e+00
8.811121260851621e-03	7.239470e+00
8.883665903708761e-03	7.228210e+00
8.956210546565903e-03	7.215306e+00
9.028755189423044e-03	7.200758e+00
9.101299832280186e-03	7.184566e+00
9.179424832280184e-03	7.158296e+00
9.218487332280183e-03	7.140015e+00
9.257549832280183e-03	7.114908e+00
9.296612332280182e-03	7.073393e+00
9.335674832280181e-03	6.970999e+00
9.354605709549284e-03	6.829350e+00
9.373623885479030e-03	6.636484e+00
9.379601596672138e-03	6.573438e+00
9.391557019058356e-03	6.448984e+00
9.405485819973044e-03	6.302533e+00
9.424651513077186e-03	6.102208e+00
9.449821815858130e-03	5.837436e+00
9.487085104191320e-03	5.446218e+00
9.526147604191319e-03	5.034138e+00
9.565210104191318e-03	4.622438e+00
9.604272604191317e-03	4.208910e+00
9.643335104191316e-03	3.795874e+00
9.682397604191316e-03	3.381147e+00
9.721460104191315e-03	2.967024e+00
9.760522604191314e-03	2.551347e+00
9.799585104191313e-03	2.136386e+00
9.838647604191312e-03	1.720009e+00
9.877710104191311e-03	1.304462e+00
9.916772604191311e-03	8.876357e-01
9.955835104191310e-03	4.717518e-01
9.994897604191309e-03	5.472720e-02
1.003396010419131e-02	-3.612420e-01
1.007302260419131e-02	-7.782145e-01
1.011208510419131e-02	-1.194018e+00
1.015114760419131e-02	-1.610687e+00
1.019021010419130e-02	-2.026075e+00
1.022927260419130e-02	-2.442191e+00
1.026833510419130e-02	-2.856911e+00
1.030739760419130e-02	-3.272223e+00
1.034646010419130e-02	-3.686025e+00
1.038552260419130e-02	-4.100284e+00
1.042458510419130e-02	-4.512920e+00
1.046364760419130e-02	-4.925876e+00
1.050271010419130e-02	-5.337096e+00
1.054177260419130e-02	-5.748500e+00
1.058083510419130e-02	-6.158054e+00
1.061989760419130e-02	-6.567620e+00
1.065896010419129e-02	-6.975156e+00
1.069694611489792e-02	-7.371508e+00
1.073600861489792e-02	-7.777044e+00
1.077321175579593e-02	-8.163127e+00
1.081227425579593e-02	-8.566319e+00
1.085133675579593e-02	-8.969175e+00
1.089039925579593e-02	-9.369729e+00
1.092946175579593e-02	-9.769817e+00
1.096852425579593e-02	-1.016749e+01
1.100758675579593e-02	-1.056457e+01
1.104664925579593e-02	-1.095913e+01
1.108571175579593e-02	-1.135296e+01
1.112477425579592e-02	-1.174416e+01
1.114557014520675e-02	-1.195104e+01
1.116214505594629e-02	-1.209914e+01
1.117759457275930e-02	-1.219125e+01
1.119610466142059e-02	-1.224949e+01
1.122146952731961e-02	-1.229257e+01
1.124814925871164e-02	-1.232027e+01
1.128721175871164e-02	-1.234731e+01
1.159971175871164e-02	-1.243430e+01
1.177270283014020e-02	-1.245492e+01
1.194569390156877e-02	-1.247315e+01
1.211868497299734e-02	-1.248899e+01
1.229167604442591e-02	-1.250244e+01
1.246466711585447e-02	-1.251351e+01
1.263765818728304e-02	-1.252218e+01
1.281064925871161e-02	-1.252847e+01
1.315663140156875e-02	-1.254099e+01
1.350261354442588e-02	-1.255130e+01
1.384859568728302e-02	-1.255942e+01
1.419457783014015e-02	-1.256534e+01
1.454055997299729e-02	-1.256905e+01
1.488654211585442e-02	-1.257057e+01
1.523252425871156e-02	-1.256989e+01
1.553944390156869e-02	-1.256841e+01
1.584636354442583e-02	-1.256504e+01
1.615328318728297e-02	-1.255978e+01
1.646020283014011e-02	-1.255262e+01
1.676712247299724e-02	-1.254356e+01
1.707404211585438e-02	-1.253261e+01
1.738096175871151e-02	-1.251976e+01
1.753721175871151e-02	-1.251343e+01
1.769346175871151e-02	-1.250454e+01
1.784971175871150e-02	-1.249309e+01
1.800596175871150e-02	-1.247908e+01
1.816221175871150e-02	-1.246252e+01
1.831846175871149e-02	-1.244341e+01
1.847471175871149e-02	-1.242174e+01
1.870908675871149e-02	-1.235050e+01
1.874814925871148e-02	-1.232521e+01
1.878721175871148e-02	-1.228312e+01
1.882627425871148e-02	-1.217879e+01
1.884517016436932e-02	-1.204009e+01
1.886420532928740e-02	-1.185585e+01
1.887067010319415e-02	-1.179047e+01
1.888358149957093e-02	-1.166217e+01
1.889781725878198e-02	-1.151869e+01
1.891773960960796e-02	-1.131948e+01
1.894385345173031e-02	-1.105578e+01
1.898000004925663e-02	-1.069150e+01
1.901906254925663e-02	-1.029459e+01
1.905812504925663e-02	-9.897752e+00
1.909718754925663e-02	-9.497809e+00
1.913625004925663e-02	-9.098041e+00
1.917531254925663e-02	-8.695305e+00
1.921437504925663e-02	-8.292849e+00
1.925343754925663e-02	-7.887562e+00
1.929250004925663e-02	-7.482662e+00
1.933156254925663e-02	-7.075068e+00
1.937062504925663e-02	-6.667968e+00
1.940968754925662e-02	-6.258312e+00
1.944875004925662e-02	-5.849258e+00
1.948781254925662e-02	-5.437786e+00
1.952687504925662e-02	-5.027025e+00
1.956593754925662e-02	-4.613984e+00
1.960500004925662e-02	-4.201764e+00
1.964406254925662e-02	-3.787402e+00
1.968312504925662e-02	-3.373972e+00
1.972218754925662e-02	-2.958539e+00
1.976125004925662e-02	-2.544149e+00
1.980031254925662e-02	-2.127893e+00
1.983937504925662e-02	-1.712793e+00
1.987843754925661e-02	-1.295965e+00
1.991750004925661e-02	-8.804051e-01
1.995656254925661e-02	-4.632570e-01
1.999562504925661e-02	-4.748753e-02
2.003468754925661e-02	3.697308e-01
2.007375004925661e-02	7.854584e-01
2.011281254925661e-02	1.202496e+00
2.015187504925661e-02	1.617931e+00
2.019093754925661e-02	2.034538e+00
2.023000004925661e-02	2.449429e+00
2.026906254925661e-02	2.865353e+00
2.030812504925661e-02	3.279451e+00
2.034718754925660e-02	3.694444e+00
2.038625004925660e-02	4.107497e+00
2.042531254925660e-02	4.521170e+00
2.046437504925660e-02	4.931950e+00
2.050343754925660e-02	5.344700e+00
2.054250004925660e-02	5.754426e+00
2.058156254925660e-02	6.165167e+00
2.062062504925660e-02	6.573066e+00
2.065968754925660e-02	6.940567e+00
2.068447144720910e-02	7.034647e+00
2.070735379945018e-02	7.076748e+00
2.074641629945018e-02	7.116419e+00
2.078237828295251e-02	7.139491e+00
2.086050328295251e-02	7.172572e+00
2.097769078295251e-02	7.203354e+00
2.108929792580965e-02	7.221917e+00
2.120090506866679e-02	7.238511e+00
2.131251221152393e-02	7.253137e+00
2.142411935438107e-02	7.265794e+00
2.153572649723821e-02	7.276483e+00
2.164733364009535e-02	7.285204e+00
2.175894078295249e-02	7.291956e+00
2.201005685438106e-02	7.306870e+00
2.226117292580962e-02	7.320208e+00
2.251228899723819e-02	7.331972e+00
2.276340506866676e-02	7.342160e+00
2.301452114009532e-02	7.350774e+00
2.326563721152389e-02	7.357813e+00
2.351675328295245e-02	7.363276e+00
2.402456578295244e-02	7.372429e+00
2.453237828295243e-02	7.377778e+00
2.504019078295242e-02	7.379323e+00
2.554800328295241e-02	7.377064e+00
2.605581578295240e-02	7.371002e+00
2.656362828295239e-02	7.361135e+00
2.707144078295238e-02	7.347465e+00
2.728349435438095e-02	7.340959e+00
2.749554792580951e-02	7.332789e+00
2.770760149723808e-02	7.322954e+00
2.791965506866665e-02	7.311454e+00
2.813170864009521e-02	7.298289e+00
2.834376221152378e-02	7.283460e+00
2.855581578295235e-02	7.266966e+00
2.863394078295235e-02	7.260546e+00
2.871206578295234e-02	7.252324e+00
2.879019078295234e-02	7.242299e+00
2.886831578295234e-02	7.230472e+00
2.894644078295234e-02	7.216842e+00
2.902456578295234e-02	7.201410e+00
2.910269078295234e-02	7.184176e+00
2.918081578295233e-02	7.157723e+00
2.921987828295233e-02	7.139263e+00
2.925894078295233e-02	7.113820e+00
2.929800328295233e-02	7.071363e+00
2.933706578295233e-02	6.963902e+00
2.935572211133604e-02	6.818386e+00
2.937394517029052e-02	6.633408e+00
2.938056147135738e-02	6.563137e+00
2.939245939865464e-02	6.439803e+00
2.940663152412253e-02	6.290270e+00
2.942514006378337e-02	6.097340e+00
2.945461267845577e-02	5.786853e+00
2.949367517845577e-02	5.377103e+00
2.953273767845577e-02	4.964386e+00
2.957180017845577e-02	4.553067e+00
2.961086267845577e-02	4.138927e+00
2.964992517845576e-02	3.726287e+00
2.968898767845576e-02	3.310976e+00
2.972805017845576e-02	2.897264e+00
2.976711267845576e-02	2.481030e+00
2.980617517845576e-02	2.066496e+00
2.984523767845576e-02	1.649588e+00
2.988430017845576e-02	1.234483e+00
2.992336267845576e-02	8.171527e-01
2.996242517845576e-02	4.017272e-01
3.000148767845576e-02	-1.577527e-02
3.004055017845576e-02	-4.312703e-01
3.007961267845576e-02	-8.486941e-01
3.011867517845575e-02	-1.264008e+00
3.015773767845575e-02	-1.681102e+00
3.019680017845575e-02	-2.095983e+00
3.023586267845575e-02	-2.512498e+00
3.027492517845575e-02	-2.926696e+00
3.031398767845575e-02	-3.342381e+00
3.035305017845575e-02	-3.755645e+00
3.039211267845575e-02	-4.170250e+00
3.043117517845575e-02	-4.582332e+00
3.047023767845575e-02	-4.995608e+00
3.050930017845575e-02	-5.406259e+00
3.054836267845575e-02	-5.817957e+00
3.058742517845574e-02	-6.226923e+00
3.062648767845574e-02	-6.636744e+00
3.066555017845574e-02	-7.043685e+00
3.070402872863852e-02	-7.445422e+00
3.074309122863851e-02	-7.850327e+00
3.078094248758512e-02	-8.243325e+00
3.082000498758512e-02	-8.645848e+00
3.085906748758512e-02	-9.048859e+00
3.089812998758511e-02	-9.448724e+00
3.093719248758511e-02	-9.848937e+00
3.097625498758511e-02	-1.024590e+01
3.101531748758511e-02	-1.064308e+01
3.105437998758511e-02	-1.103691e+01
3.109344248758511e-02	-1.143081e+01
3.113250498758511e-02	-1.182124e+01
3.113738780008511e-02	-1.187032e+01
3.114715342508511e-02	-1.196578e+01
3.116045989049753e-02	-1.208613e+01
3.117597478584431e-02	-1.218387e+01
3.119758611311325e-02	-1.225293e+01
3.122242409269570e-02	-1.229378e+01
3.124848998295306e-02	-1.232055e+01
3.128755248295306e-02	-1.234750e+01
3.160005248295306e-02	-1.243435e+01
3.177304355438162e-02	-1.245496e+01
3.194603462581019e-02	-1.247318e+01
3.211902569723876e-02	-1.248901e+01
3.229201676866732e-02	-1.250246e+01
3.246500784009589e-02	-1.251352e+01
3.263799891152446e-02	-1.252220e+01
3.281098998295303e-02	-1.252849e+01
3.315697212581017e-02	-1.254100e+01
3.350295426866730e-02	-1.255131e+01
3.384893641152444e-02	-1.255943e+01
3.419491855438157e-02	-1.256534e+01
3.454090069723871e-02	-1.256906e+01
3.488688284009584e-02	-1.257057e+01
3.523286498295298e-02	-1.256989e+01
3.553978462581012e-02	-1.256841e+01
3.584670426866725e-02	-1.256504e+01
3.615362391152439e-02	-1.255977e+01
3.646054355438152e-02	-1.255261e+01
3.676746319723866e-02	-1.254355e+01
3.707438284009579e-02	-1.253260e+01
3.738130248295293e-02	-1.251975e+01
3.750407034009579e-02	-1.251397e+01
3.762683819723864e-02	-1.250709e+01
3.774960605438150e-02	-1.249910e+01
3.787237391152435e-02	-1.249002e+01
3.799514176866720e-02	-1.247983e+01
3.811790962581006e-02	-1.246854e+01
3.824067748295291e-02	-1.245615e+01
3.830206141152434e-02	-1.245013e+01
3.836344534009577e-02	-1.244194e+01
3.842482926866719e-02	-1.243160e+01
3.848621319723863e-02	-1.241911e+01
3.854759712581005e-02	-1.240446e+01
3.860898105438148e-02	-1.238766e+01
3.867036498295291e-02	-1.236869e+01
3.874848998295290e-02	-1.232494e+01
3.878755248295290e-02	-1.228262e+01
3.882661498295290e-02	-1.217707e+01
3.884544218783378e-02	-1.203755e+01
3.886429470239056e-02	-1.185502e+01
3.887091899127244e-02	-1.178793e+01
3.888373870853692e-02	-1.166066e+01
3.889803908345634e-02	-1.151641e+01
3.891786488531169e-02	-1.131828e+01
3.894468423238062e-02	-1.104735e+01
3.898176184278297e-02	-1.067373e+01
3.902082434278296e-02	-1.027664e+01
3.905988684278296e-02	-9.879836e+00
3.909894934278296e-02	-9.479719e+00
3.913801184278296e-02	-9.079995e+00
3.917707434278296e-02	-8.677092e+00
3.921613684278296e-02	-8.274685e+00
3.925519934278296e-02	-7.869237e+00
3.929426184278296e-02	-7.464391e+00
3.933332434278296e-02	-7.056642e+00
3.937238684278296e-02	-6.649601e+00
3.941144934278296e-02	-6.239795e+00
3.945051184278296e-02	-5.830805e+00
3.948957434278295e-02	-5.419190e+00
3.952863684278295e-02	-5.008498e+00
3.956769934278295e-02	-4.595321e+00
3.960676184278295e-02	-4.183174e+00
3.964582434278295e-02	-3.768682e+00
3.968488684278295e-02	-3.355330e+00
3.972394934278295e-02	-2.939774e+00
3.976301184278295e-02	-2.525466e+00
3.980207434278295e-02	-2.109094e+00
3.984113684278295e-02	-1.694081e+00
3.988019934278295e-02	-1.277144e+00
3.991926184278295e-02	-8.616753e-01
3.995832434278294e-02	-4.444243e-01
3.999738684278294e-02	-2.875117e-02
4.000000000000000e-02	-9.679596e-05
