V1	I(D1)
-6.000000000000000e+01	-1.857761e-02
-5.990000000000000e+01	-1.848251e-02
-5.980000000000000e+01	-1.838740e-02
-5.970000000000000e+01	-1.829229e-02
-5.960000000000000e+01	-1.819719e-02
-5.950000000000000e+01	-1.810209e-02
-5.940000000000000e+01	-1.800698e-02
-5.930000000000000e+01	-1.791188e-02
-5.920000000000000e+01	-1.781678e-02
-5.910000000000000e+01	-1.772168e-02
-5.900000000000000e+01	-1.762658e-02
-5.890000000000000e+01	-1.753148e-02
-5.880000000000000e+01	-1.743638e-02
-5.870000000000000e+01	-1.734128e-02
-5.860000000000000e+01	-1.724618e-02
-5.850000000000000e+01	-1.715109e-02
-5.840000000000000e+01	-1.705599e-02
-5.830000000000000e+01	-1.696089e-02
-5.820000000000000e+01	-1.686580e-02
-5.810000000000000e+01	-1.677071e-02
-5.800000000000000e+01	-1.667561e-02
-5.790000000000000e+01	-1.658052e-02
-5.780000000000000e+01	-1.648543e-02
-5.770000000000000e+01	-1.639034e-02
-5.760000000000000e+01	-1.629525e-02
-5.750000000000000e+01	-1.620016e-02
-5.740000000000000e+01	-1.610507e-02
-5.730000000000000e+01	-1.600998e-02
-5.720000000000000e+01	-1.591490e-02
-5.710000000000000e+01	-1.581981e-02
-5.700000000000000e+01	-1.572473e-02
-5.690000000000000e+01	-1.562965e-02
-5.680000000000000e+01	-1.553456e-02
-5.670000000000000e+01	-1.543948e-02
-5.660000000000000e+01	-1.534440e-02
-5.650000000000000e+01	-1.524932e-02
-5.640000000000000e+01	-1.515424e-02
-5.630000000000000e+01	-1.505916e-02
-5.620000000000000e+01	-1.496409e-02
-5.610000000000000e+01	-1.486901e-02
-5.600000000000000e+01	-1.477394e-02
-5.590000000000000e+01	-1.467886e-02
-5.580000000000000e+01	-1.458379e-02
-5.570000000000000e+01	-1.448872e-02
-5.560000000000000e+01	-1.439365e-02
-5.550000000000000e+01	-1.429858e-02
-5.540000000000000e+01	-1.420351e-02
-5.530000000000000e+01	-1.410844e-02
-5.520000000000000e+01	-1.401337e-02
-5.510000000000000e+01	-1.391831e-02
-5.500000000000000e+01	-1.382324e-02
-5.490000000000000e+01	-1.372818e-02
-5.480000000000000e+01	-1.363312e-02
-5.470000000000000e+01	-1.353806e-02
-5.460000000000000e+01	-1.344300e-02
-5.450000000000000e+01	-1.334794e-02
-5.440000000000000e+01	-1.325288e-02
-5.430000000000000e+01	-1.315783e-02
-5.420000000000000e+01	-1.306277e-02
-5.410000000000000e+01	-1.296772e-02
-5.400000000000000e+01	-1.287267e-02
-5.390000000000000e+01	-1.277762e-02
-5.380000000000000e+01	-1.268257e-02
-5.370000000000000e+01	-1.258752e-02
-5.360000000000000e+01	-1.249248e-02
-5.350000000000000e+01	-1.239743e-02
-5.340000000000000e+01	-1.230239e-02
-5.330000000000000e+01	-1.220734e-02
-5.320000000000000e+01	-1.211230e-02
-5.310000000000000e+01	-1.201726e-02
-5.300000000000000e+01	-1.192223e-02
-5.290000000000000e+01	-1.182719e-02
-5.280000000000000e+01	-1.173216e-02
-5.270000000000000e+01	-1.163713e-02
-5.260000000000000e+01	-1.154209e-02
-5.250000000000000e+01	-1.144706e-02
-5.240000000000000e+01	-1.135204e-02
-5.230000000000000e+01	-1.125701e-02
-5.220000000000000e+01	-1.116199e-02
-5.210000000000000e+01	-1.106696e-02
-5.200000000000000e+01	-1.097194e-02
-5.190000000000000e+01	-1.087692e-02
-5.180000000000000e+01	-1.078191e-02
-5.170000000000000e+01	-1.068689e-02
-5.160000000000000e+01	-1.059188e-02
-5.150000000000000e+01	-1.049687e-02
-5.140000000000000e+01	-1.040186e-02
-5.130000000000000e+01	-1.030685e-02
-5.120000000000000e+01	-1.021185e-02
-5.110000000000000e+01	-1.011685e-02
-5.100000000000000e+01	-1.002184e-02
-5.090000000000000e+01	-9.926846e-03
-5.080000000000000e+01	-9.831850e-03
-5.070000000000000e+01	-9.736856e-03
-5.060000000000000e+01	-9.641864e-03
-5.050000000000000e+01	-9.546876e-03
-5.040000000000000e+01	-9.451889e-03
-5.030000000000000e+01	-9.356905e-03
-5.020000000000000e+01	-9.261923e-03
-5.010000000000000e+01	-9.166944e-03
-5.000000000000000e+01	-9.071968e-03
-4.990000000000000e+01	-8.976994e-03
-4.980000000000000e+01	-8.882022e-03
-4.970000000000000e+01	-8.787055e-03
-4.960000000000000e+01	-8.692089e-03
-4.950000000000000e+01	-8.597127e-03
-4.940000000000000e+01	-8.502168e-03
-4.930000000000000e+01	-8.407211e-03
-4.920000000000000e+01	-8.312258e-03
-4.910000000000000e+01	-8.217308e-03
-4.900000000000000e+01	-8.122361e-03
-4.890000000000000e+01	-8.027418e-03
-4.880000000000000e+01	-7.932478e-03
-4.870000000000000e+01	-7.837541e-03
-4.860000000000000e+01	-7.742609e-03
-4.850000000000000e+01	-7.647680e-03
-4.840000000000000e+01	-7.552754e-03
-4.830000000000000e+01	-7.457833e-03
-4.820000000000000e+01	-7.362916e-03
-4.810000000000000e+01	-7.268002e-03
-4.800000000000000e+01	-7.173093e-03
-4.790000000000000e+01	-7.078188e-03
-4.780000000000000e+01	-6.983288e-03
-4.770000000000000e+01	-6.888391e-03
-4.760000000000000e+01	-6.793500e-03
-4.750000000000000e+01	-6.698614e-03
-4.740000000000000e+01	-6.603732e-03
-4.730000000000000e+01	-6.508856e-03
-4.720000000000000e+01	-6.413985e-03
-4.710000000000000e+01	-6.319119e-03
-4.700000000000000e+01	-6.224258e-03
-4.690000000000000e+01	-6.129404e-03
-4.680000000000000e+01	-6.034555e-03
-4.670000000000000e+01	-5.939712e-03
-4.660000000000000e+01	-5.844876e-03
-4.650000000000000e+01	-5.750046e-03
-4.640000000000000e+01	-5.655222e-03
-4.630000000000000e+01	-5.560406e-03
-4.620000000000000e+01	-5.465596e-03
-4.610000000000000e+01	-5.370794e-03
-4.600000000000000e+01	-5.276000e-03
-4.590000000000000e+01	-5.181214e-03
-4.580000000000000e+01	-5.086436e-03
-4.570000000000000e+01	-4.991666e-03
-4.560000000000000e+01	-4.896905e-03
-4.550000000000000e+01	-4.802154e-03
-4.540000000000000e+01	-4.707412e-03
-4.530000000000000e+01	-4.612680e-03
-4.520000000000000e+01	-4.517958e-03
-4.510000000000000e+01	-4.423247e-03
-4.500000000000000e+01	-4.328547e-03
-4.490000000000000e+01	-4.233859e-03
-4.480000000000000e+01	-4.139183e-03
-4.470000000000000e+01	-4.044520e-03
-4.460000000000000e+01	-3.949871e-03
-4.450000000000000e+01	-3.855235e-03
-4.440000000000000e+01	-3.760614e-03
-4.430000000000000e+01	-3.666009e-03
-4.420000000000000e+01	-3.571420e-03
-4.410000000000000e+01	-3.476849e-03
-4.400000000000000e+01	-3.382295e-03
-4.390000000000000e+01	-3.287761e-03
-4.380000000000000e+01	-3.193246e-03
-4.370000000000000e+01	-3.098754e-03
-4.359999999999999e+01	-3.004283e-03
-4.350000000000000e+01	-2.909838e-03
-4.340000000000000e+01	-2.815417e-03
-4.330000000000000e+01	-2.721025e-03
-4.320000000000000e+01	-2.626662e-03
-4.309999999999999e+01	-2.532330e-03
-4.300000000000000e+01	-2.438032e-03
-4.290000000000000e+01	-2.343771e-03
-4.280000000000000e+01	-2.249549e-03
-4.270000000000000e+01	-2.155370e-03
-4.259999999999999e+01	-2.061238e-03
-4.250000000000000e+01	-1.967157e-03
-4.240000000000000e+01	-1.873131e-03
-4.230000000000000e+01	-1.779166e-03
-4.220000000000000e+01	-1.685270e-03
-4.209999999999999e+01	-1.591449e-03
-4.200000000000000e+01	-1.497713e-03
-4.190000000000000e+01	-1.404071e-03
-4.180000000000000e+01	-1.310538e-03
-4.170000000000000e+01	-1.217128e-03
-4.159999999999999e+01	-1.123861e-03
-4.150000000000000e+01	-1.030761e-03
-4.140000000000000e+01	-9.378575e-04
-4.130000000000000e+01	-8.451907e-04
-4.120000000000000e+01	-7.528131e-04
-4.109999999999999e+01	-6.607967e-04
-4.100000000000000e+01	-5.692437e-04
-4.090000000000000e+01	-4.783061e-04
-4.080000000000000e+01	-3.882223e-04
-4.070000000000000e+01	-2.993968e-04
-4.059999999999999e+01	-2.125901e-04
-4.050000000000000e+01	-1.297150e-04
-4.040000000000000e+01	-5.565655e-05
-4.030000000000000e+01	-8.952971e-06
-4.020000000000000e+01	-1.591502e-06
-4.009999999999999e+01	-1.382054e-06
-4.000000000000000e+01	-1.377865e-06
-3.990000000000000e+01	-1.377772e-06
-3.980000000000000e+01	-1.377770e-06
-3.970000000000000e+01	-1.377770e-06
-3.959999999999999e+01	-1.377770e-06
-3.950000000000000e+01	-1.377770e-06
-3.940000000000000e+01	-1.377769e-06
-3.930000000000000e+01	-1.377769e-06
-3.920000000000000e+01	-1.377769e-06
-3.909999999999999e+01	-1.377769e-06
-3.900000000000000e+01	-1.377769e-06
-3.890000000000000e+01	-1.377769e-06
-3.880000000000000e+01	-1.377769e-06
-3.870000000000000e+01	-1.377769e-06
-3.859999999999999e+01	-1.377769e-06
-3.850000000000000e+01	-1.377769e-06
-3.840000000000000e+01	-1.377768e-06
-3.830000000000000e+01	-1.377768e-06
-3.820000000000000e+01	-1.377768e-06
-3.809999999999999e+01	-1.377768e-06
-3.800000000000000e+01	-1.377768e-06
-3.790000000000000e+01	-1.377768e-06
-3.780000000000000e+01	-1.377768e-06
-3.770000000000000e+01	-1.377768e-06
-3.759999999999999e+01	-1.377768e-06
-3.750000000000000e+01	-1.377767e-06
-3.740000000000000e+01	-1.377767e-06
-3.730000000000000e+01	-1.377767e-06
-3.720000000000000e+01	-1.377767e-06
-3.709999999999999e+01	-1.377767e-06
-3.700000000000000e+01	-1.377767e-06
-3.690000000000000e+01	-1.377767e-06
-3.680000000000000e+01	-1.377767e-06
-3.670000000000000e+01	-1.377767e-06
-3.659999999999999e+01	-1.377767e-06
-3.650000000000000e+01	-1.377766e-06
-3.640000000000000e+01	-1.377766e-06
-3.630000000000000e+01	-1.377766e-06
-3.620000000000000e+01	-1.377766e-06
-3.609999999999999e+01	-1.377766e-06
-3.600000000000000e+01	-1.377766e-06
-3.590000000000000e+01	-1.377766e-06
-3.580000000000000e+01	-1.377766e-06
-3.570000000000000e+01	-1.377766e-06
-3.559999999999999e+01	-1.377766e-06
-3.550000000000000e+01	-1.377765e-06
-3.540000000000000e+01	-1.377765e-06
-3.530000000000000e+01	-1.377765e-06
-3.520000000000000e+01	-1.377765e-06
-3.509999999999999e+01	-1.377765e-06
-3.500000000000000e+01	-1.377765e-06
-3.490000000000000e+01	-1.377765e-06
-3.480000000000000e+01	-1.377765e-06
-3.470000000000000e+01	-1.377765e-06
-3.459999999999999e+01	-1.377765e-06
-3.450000000000000e+01	-1.377765e-06
-3.440000000000000e+01	-1.377764e-06
-3.430000000000000e+01	-1.377764e-06
-3.420000000000000e+01	-1.377764e-06
-3.409999999999999e+01	-1.377764e-06
-3.400000000000000e+01	-1.377764e-06
-3.390000000000000e+01	-1.377764e-06
-3.380000000000000e+01	-1.377764e-06
-3.370000000000000e+01	-1.377764e-06
-3.359999999999999e+01	-1.377764e-06
-3.350000000000000e+01	-1.377764e-06
-3.340000000000000e+01	-1.377763e-06
-3.330000000000000e+01	-1.377763e-06
-3.320000000000000e+01	-1.377763e-06
-3.309999999999999e+01	-1.377763e-06
-3.300000000000000e+01	-1.377763e-06
-3.290000000000000e+01	-1.377763e-06
-3.280000000000000e+01	-1.377763e-06
-3.270000000000000e+01	-1.377763e-06
-3.259999999999999e+01	-1.377763e-06
-3.250000000000000e+01	-1.377762e-06
-3.240000000000000e+01	-1.377762e-06
-3.230000000000000e+01	-1.377762e-06
-3.220000000000000e+01	-1.377762e-06
-3.209999999999999e+01	-1.377762e-06
-3.200000000000000e+01	-1.377762e-06
-3.190000000000000e+01	-1.377762e-06
-3.180000000000000e+01	-1.377762e-06
-3.170000000000000e+01	-1.377762e-06
-3.160000000000000e+01	-1.377762e-06
-3.150000000000000e+01	-1.377761e-06
-3.140000000000000e+01	-1.377761e-06
-3.130000000000000e+01	-1.377761e-06
-3.120000000000000e+01	-1.377761e-06
-3.110000000000000e+01	-1.377761e-06
-3.100000000000000e+01	-1.377761e-06
-3.090000000000000e+01	-1.377761e-06
-3.080000000000000e+01	-1.377761e-06
-3.070000000000000e+01	-1.377761e-06
-3.060000000000000e+01	-1.377761e-06
-3.050000000000000e+01	-1.377761e-06
-3.040000000000000e+01	-1.377760e-06
-3.030000000000000e+01	-1.377760e-06
-3.020000000000000e+01	-1.377760e-06
-3.010000000000000e+01	-1.377760e-06
-3.000000000000000e+01	-1.377760e-06
-2.990000000000000e+01	-1.377760e-06
-2.980000000000000e+01	-1.377760e-06
-2.970000000000000e+01	-1.377760e-06
-2.960000000000000e+01	-1.377760e-06
-2.950000000000000e+01	-1.377760e-06
-2.940000000000000e+01	-1.377759e-06
-2.930000000000000e+01	-1.377759e-06
-2.920000000000000e+01	-1.377759e-06
-2.910000000000000e+01	-1.377759e-06
-2.900000000000000e+01	-1.377759e-06
-2.890000000000000e+01	-1.377759e-06
-2.880000000000000e+01	-1.377759e-06
-2.870000000000000e+01	-1.377759e-06
-2.860000000000000e+01	-1.377759e-06
-2.850000000000000e+01	-1.377759e-06
-2.840000000000000e+01	-1.377758e-06
-2.830000000000000e+01	-1.377758e-06
-2.820000000000000e+01	-1.377758e-06
-2.810000000000000e+01	-1.377758e-06
-2.800000000000000e+01	-1.377758e-06
-2.790000000000000e+01	-1.377758e-06
-2.780000000000000e+01	-1.377758e-06
-2.770000000000000e+01	-1.377758e-06
-2.760000000000000e+01	-1.377758e-06
-2.750000000000000e+01	-1.377757e-06
-2.740000000000000e+01	-1.377757e-06
-2.730000000000000e+01	-1.377757e-06
-2.720000000000000e+01	-1.377757e-06
-2.710000000000000e+01	-1.377757e-06
-2.700000000000000e+01	-1.377757e-06
-2.690000000000000e+01	-1.377757e-06
-2.680000000000000e+01	-1.377757e-06
-2.670000000000000e+01	-1.377757e-06
-2.660000000000000e+01	-1.377757e-06
-2.650000000000000e+01	-1.377756e-06
-2.640000000000000e+01	-1.377756e-06
-2.630000000000000e+01	-1.377756e-06
-2.620000000000000e+01	-1.377756e-06
-2.610000000000000e+01	-1.377756e-06
-2.600000000000000e+01	-1.377756e-06
-2.590000000000000e+01	-1.377756e-06
-2.580000000000000e+01	-1.377756e-06
-2.570000000000000e+01	-1.377756e-06
-2.560000000000000e+01	-1.377756e-06
-2.550000000000000e+01	-1.377756e-06
-2.540000000000000e+01	-1.377755e-06
-2.530000000000000e+01	-1.377755e-06
-2.520000000000000e+01	-1.377755e-06
-2.510000000000000e+01	-1.377755e-06
-2.500000000000000e+01	-1.377755e-06
-2.490000000000000e+01	-1.377755e-06
-2.480000000000000e+01	-1.377755e-06
-2.470000000000000e+01	-1.377755e-06
-2.460000000000000e+01	-1.377755e-06
-2.450000000000000e+01	-1.377755e-06
-2.440000000000000e+01	-1.377754e-06
-2.430000000000000e+01	-1.377754e-06
-2.420000000000000e+01	-1.377754e-06
-2.410000000000000e+01	-1.377754e-06
-2.400000000000000e+01	-1.377754e-06
-2.390000000000000e+01	-1.377754e-06
-2.380000000000000e+01	-1.377754e-06
-2.370000000000000e+01	-1.377754e-06
-2.360000000000000e+01	-1.377754e-06
-2.350000000000000e+01	-1.377754e-06
-2.340000000000000e+01	-1.377753e-06
-2.330000000000000e+01	-1.377753e-06
-2.320000000000000e+01	-1.377753e-06
-2.310000000000000e+01	-1.377753e-06
-2.300000000000000e+01	-1.377753e-06
-2.290000000000000e+01	-1.377753e-06
-2.280000000000000e+01	-1.377753e-06
-2.270000000000000e+01	-1.377753e-06
-2.260000000000000e+01	-1.377753e-06
-2.250000000000000e+01	-1.377752e-06
-2.240000000000000e+01	-1.377752e-06
-2.230000000000000e+01	-1.377752e-06
-2.220000000000000e+01	-1.377752e-06
-2.210000000000000e+01	-1.377752e-06
-2.200000000000000e+01	-1.377752e-06
-2.190000000000000e+01	-1.377752e-06
-2.180000000000000e+01	-1.377752e-06
-2.170000000000000e+01	-1.377752e-06
-2.159999999999999e+01	-1.377752e-06
-2.150000000000000e+01	-1.377751e-06
-2.140000000000000e+01	-1.377751e-06
-2.130000000000000e+01	-1.377751e-06
-2.120000000000000e+01	-1.377751e-06
-2.109999999999999e+01	-1.377751e-06
-2.100000000000000e+01	-1.377751e-06
-2.090000000000000e+01	-1.377751e-06
-2.080000000000000e+01	-1.377751e-06
-2.070000000000000e+01	-1.377751e-06
-2.059999999999999e+01	-1.377751e-06
-2.050000000000000e+01	-1.377751e-06
-2.040000000000000e+01	-1.377750e-06
-2.030000000000000e+01	-1.377750e-06
-2.020000000000000e+01	-1.377750e-06
-2.009999999999999e+01	-1.377750e-06
-2.000000000000000e+01	-1.377750e-06
-1.990000000000000e+01	-1.377750e-06
-1.980000000000000e+01	-1.377750e-06
-1.970000000000000e+01	-1.377750e-06
-1.959999999999999e+01	-1.377750e-06
-1.950000000000000e+01	-1.377750e-06
-1.940000000000000e+01	-1.377749e-06
-1.930000000000000e+01	-1.377749e-06
-1.920000000000000e+01	-1.377749e-06
-1.909999999999999e+01	-1.377749e-06
-1.900000000000000e+01	-1.377749e-06
-1.890000000000000e+01	-1.377749e-06
-1.880000000000000e+01	-1.377749e-06
-1.870000000000000e+01	-1.377749e-06
-1.859999999999999e+01	-1.377749e-06
-1.850000000000000e+01	-1.377749e-06
-1.840000000000000e+01	-1.377748e-06
-1.830000000000000e+01	-1.377748e-06
-1.820000000000000e+01	-1.377748e-06
-1.809999999999999e+01	-1.377748e-06
-1.800000000000000e+01	-1.377748e-06
-1.790000000000000e+01	-1.377748e-06
-1.780000000000000e+01	-1.377748e-06
-1.770000000000000e+01	-1.377748e-06
-1.759999999999999e+01	-1.377748e-06
-1.750000000000000e+01	-1.377747e-06
-1.740000000000000e+01	-1.377747e-06
-1.730000000000000e+01	-1.377747e-06
-1.720000000000000e+01	-1.377747e-06
-1.709999999999999e+01	-1.377747e-06
-1.700000000000000e+01	-1.377747e-06
-1.690000000000000e+01	-1.377747e-06
-1.680000000000000e+01	-1.377747e-06
-1.670000000000000e+01	-1.377747e-06
-1.659999999999999e+01	-1.377747e-06
-1.650000000000000e+01	-1.377746e-06
-1.640000000000000e+01	-1.377746e-06
-1.630000000000000e+01	-1.377746e-06
-1.620000000000000e+01	-1.377746e-06
-1.609999999999999e+01	-1.377746e-06
-1.600000000000000e+01	-1.377746e-06
-1.590000000000000e+01	-1.377746e-06
-1.580000000000000e+01	-1.377746e-06
-1.570000000000000e+01	-1.377746e-06
-1.559999999999999e+01	-1.377746e-06
-1.550000000000000e+01	-1.377746e-06
-1.540000000000000e+01	-1.377745e-06
-1.530000000000000e+01	-1.377745e-06
-1.520000000000000e+01	-1.377745e-06
-1.509999999999999e+01	-1.377745e-06
-1.500000000000000e+01	-1.377745e-06
-1.490000000000000e+01	-1.377745e-06
-1.480000000000000e+01	-1.377745e-06
-1.470000000000000e+01	-1.377745e-06
-1.459999999999999e+01	-1.377745e-06
-1.450000000000000e+01	-1.377745e-06
-1.440000000000000e+01	-1.377744e-06
-1.430000000000000e+01	-1.377744e-06
-1.420000000000000e+01	-1.377744e-06
-1.409999999999999e+01	-1.377744e-06
-1.400000000000000e+01	-1.377744e-06
-1.390000000000000e+01	-1.377744e-06
-1.380000000000000e+01	-1.377744e-06
-1.370000000000000e+01	-1.377744e-06
-1.359999999999999e+01	-1.377744e-06
-1.350000000000000e+01	-1.377744e-06
-1.340000000000000e+01	-1.377743e-06
-1.330000000000000e+01	-1.377743e-06
-1.320000000000000e+01	-1.377743e-06
-1.309999999999999e+01	-1.377743e-06
-1.300000000000000e+01	-1.377743e-06
-1.290000000000000e+01	-1.377743e-06
-1.280000000000000e+01	-1.377743e-06
-1.270000000000000e+01	-1.377743e-06
-1.259999999999999e+01	-1.377743e-06
-1.250000000000000e+01	-1.377742e-06
-1.240000000000000e+01	-1.377742e-06
-1.230000000000000e+01	-1.377742e-06
-1.220000000000000e+01	-1.377742e-06
-1.209999999999999e+01	-1.377742e-06
-1.200000000000000e+01	-1.377742e-06
-1.190000000000000e+01	-1.377742e-06
-1.180000000000000e+01	-1.377742e-06
-1.170000000000000e+01	-1.377742e-06
-1.159999999999999e+01	-1.377742e-06
-1.150000000000000e+01	-1.377741e-06
-1.140000000000000e+01	-1.377741e-06
-1.130000000000000e+01	-1.377741e-06
-1.120000000000000e+01	-1.377741e-06
-1.109999999999999e+01	-1.377741e-06
-1.100000000000000e+01	-1.377741e-06
-1.090000000000000e+01	-1.377741e-06
-1.080000000000000e+01	-1.377741e-06
-1.070000000000000e+01	-1.377741e-06
-1.059999999999999e+01	-1.377741e-06
-1.050000000000000e+01	-1.377741e-06
-1.040000000000000e+01	-1.377740e-06
-1.030000000000000e+01	-1.377740e-06
-1.020000000000000e+01	-1.377740e-06
-1.009999999999999e+01	-1.377740e-06
-1.000000000000000e+01	-1.377740e-06
-9.899999999999999e+00	-1.377740e-06
-9.799999999999997e+00	-1.377740e-06
-9.699999999999996e+00	-1.377740e-06
-9.599999999999994e+00	-1.377740e-06
-9.500000000000000e+00	-1.377740e-06
-9.399999999999999e+00	-1.377739e-06
-9.299999999999997e+00	-1.377739e-06
-9.199999999999996e+00	-1.377739e-06
-9.099999999999994e+00	-1.377739e-06
-9.000000000000000e+00	-1.377739e-06
-8.899999999999999e+00	-1.377739e-06
-8.799999999999997e+00	-1.377739e-06
-8.699999999999996e+00	-1.377739e-06
-8.599999999999994e+00	-1.377739e-06
-8.500000000000000e+00	-1.377738e-06
-8.399999999999999e+00	-1.377738e-06
-8.299999999999997e+00	-1.377738e-06
-8.199999999999996e+00	-1.377738e-06
-8.099999999999994e+00	-1.377738e-06
-8.000000000000000e+00	-1.377738e-06
-7.899999999999999e+00	-1.377738e-06
-7.799999999999997e+00	-1.377738e-06
-7.699999999999996e+00	-1.377738e-06
-7.599999999999994e+00	-1.377738e-06
-7.500000000000000e+00	-1.377737e-06
-7.399999999999999e+00	-1.377737e-06
-7.299999999999997e+00	-1.377737e-06
-7.199999999999996e+00	-1.377737e-06
-7.099999999999994e+00	-1.377737e-06
-7.000000000000000e+00	-1.377737e-06
-6.899999999999999e+00	-1.377737e-06
-6.799999999999997e+00	-1.377737e-06
-6.699999999999996e+00	-1.377737e-06
-6.599999999999994e+00	-1.377737e-06
-6.500000000000000e+00	-1.377736e-06
-6.399999999999999e+00	-1.377736e-06
-6.299999999999997e+00	-1.377736e-06
-6.199999999999996e+00	-1.377736e-06
-6.099999999999994e+00	-1.377736e-06
-6.000000000000000e+00	-1.377736e-06
-5.899999999999999e+00	-1.377736e-06
-5.799999999999997e+00	-1.377736e-06
-5.699999999999996e+00	-1.377736e-06
-5.599999999999994e+00	-1.377736e-06
-5.500000000000000e+00	-1.377736e-06
-5.399999999999999e+00	-1.377735e-06
-5.299999999999997e+00	-1.377735e-06
-5.199999999999996e+00	-1.377735e-06
-5.099999999999994e+00	-1.377735e-06
-5.000000000000000e+00	-1.377735e-06
-4.899999999999999e+00	-1.377735e-06
-4.799999999999997e+00	-1.377735e-06
-4.699999999999996e+00	-1.377735e-06
-4.599999999999994e+00	-1.377735e-06
-4.500000000000000e+00	-1.377735e-06
-4.399999999999999e+00	-1.377734e-06
-4.299999999999997e+00	-1.377734e-06
-4.199999999999996e+00	-1.377734e-06
-4.099999999999994e+00	-1.377734e-06
-4.000000000000000e+00	-1.377734e-06
-3.899999999999999e+00	-1.377734e-06
-3.799999999999997e+00	-1.377734e-06
-3.699999999999996e+00	-1.377734e-06
-3.599999999999994e+00	-1.377734e-06
-3.500000000000000e+00	-1.377733e-06
-3.399999999999999e+00	-1.377733e-06
-3.299999999999997e+00	-1.377733e-06
-3.199999999999996e+00	-1.377733e-06
-3.099999999999994e+00	-1.377733e-06
-3.000000000000000e+00	-1.377733e-06
-2.899999999999999e+00	-1.377733e-06
-2.799999999999997e+00	-1.377733e-06
-2.699999999999996e+00	-1.377733e-06
-2.599999999999994e+00	-1.377733e-06
-2.500000000000000e+00	-1.377732e-06
-2.399999999999999e+00	-1.377732e-06
-2.299999999999997e+00	-1.377732e-06
-2.199999999999996e+00	-1.377732e-06
-2.099999999999994e+00	-1.377732e-06
-2.000000000000000e+00	-1.377732e-06
-1.899999999999999e+00	-1.377732e-06
-1.799999999999997e+00	-1.377732e-06
-1.699999999999996e+00	-1.377732e-06
-1.599999999999994e+00	-1.377732e-06
-1.500000000000000e+00	-1.377731e-06
-1.399999999999999e+00	-1.377731e-06
-1.299999999999997e+00	-1.377731e-06
-1.199999999999996e+00	-1.377731e-06
-1.099999999999994e+00	-1.377731e-06
-1.000000000000000e+00	-1.377731e-06
-8.999999999999986e-01	-1.377731e-06
-7.999999999999972e-01	-1.377731e-06
-6.999999999999957e-01	-1.377729e-06
-5.999999999999943e-01	-1.377718e-06
-5.000000000000000e-01	-1.377641e-06
-3.999999999999986e-01	-1.377109e-06
-2.999999999999972e-01	-1.373438e-06
-1.999999999999957e-01	-1.348084e-06
-9.999999999999432e-02	-1.173573e-06
0.000000000000000e+00	0.000000e+00
1.000000000000014e-01	6.899460e-06
2.000000000000028e-01	3.257387e-05
3.000000000000043e-01	8.299015e-05
4.000000000000057e-01	1.495372e-04
5.000000000000000e-01	2.248587e-04
6.000000000000014e-01	3.049248e-04
7.000000000000028e-01	3.884046e-04
8.000000000000043e-01	4.739434e-04
9.000000000000057e-01	5.609208e-04
1.000000000000000e+00	6.489944e-04
1.100000000000001e+00	7.379189e-04
1.200000000000003e+00	8.275192e-04
1.300000000000004e+00	9.176678e-04
1.400000000000006e+00	1.008270e-03
1.500000000000000e+00	1.099253e-03
1.600000000000001e+00	1.190560e-03
1.700000000000003e+00	1.282147e-03
1.800000000000004e+00	1.373976e-03
1.900000000000006e+00	1.466017e-03
2.000000000000000e+00	1.558248e-03
2.100000000000001e+00	1.650645e-03
2.200000000000003e+00	1.743193e-03
2.300000000000004e+00	1.835876e-03
2.400000000000006e+00	1.928682e-03
2.500000000000000e+00	2.021598e-03
2.600000000000001e+00	2.114617e-03
2.700000000000003e+00	2.207728e-03
2.800000000000004e+00	2.300926e-03
2.900000000000006e+00	2.394202e-03
3.000000000000000e+00	2.487552e-03
3.100000000000001e+00	2.580970e-03
3.200000000000003e+00	2.674451e-03
3.300000000000004e+00	2.767991e-03
3.400000000000006e+00	2.861587e-03
3.500000000000000e+00	2.955234e-03
3.600000000000001e+00	3.048930e-03
3.700000000000003e+00	3.142672e-03
3.800000000000004e+00	3.236457e-03
3.900000000000006e+00	3.330283e-03
4.000000000000000e+00	3.424147e-03
4.100000000000009e+00	3.518048e-03
4.200000000000003e+00	3.611983e-03
4.299999999999997e+00	3.705952e-03
4.400000000000006e+00	3.799951e-03
4.500000000000000e+00	3.893980e-03
4.600000000000009e+00	3.988038e-03
4.700000000000003e+00	4.082123e-03
4.799999999999997e+00	4.176233e-03
4.900000000000006e+00	4.270369e-03
5.000000000000000e+00	4.364527e-03
5.100000000000009e+00	4.458709e-03
5.200000000000003e+00	4.552912e-03
5.299999999999997e+00	4.647137e-03
5.400000000000006e+00	4.741381e-03
5.500000000000000e+00	4.835644e-03
5.600000000000009e+00	4.929926e-03
5.700000000000003e+00	5.024226e-03
5.799999999999997e+00	5.118543e-03
5.900000000000006e+00	5.212877e-03
6.000000000000000e+00	5.307226e-03
6.100000000000009e+00	5.401591e-03
6.200000000000003e+00	5.495972e-03
6.299999999999997e+00	5.590366e-03
6.400000000000006e+00	5.684774e-03
6.500000000000000e+00	5.779196e-03
6.600000000000009e+00	5.873630e-03
6.700000000000003e+00	5.968078e-03
6.799999999999997e+00	6.062537e-03
6.900000000000006e+00	6.157008e-03
7.000000000000000e+00	6.251492e-03
7.100000000000009e+00	6.345986e-03
7.200000000000003e+00	6.440490e-03
7.299999999999997e+00	6.535006e-03
7.400000000000006e+00	6.629532e-03
7.500000000000000e+00	6.724067e-03
7.600000000000009e+00	6.818613e-03
7.700000000000003e+00	6.913167e-03
7.799999999999997e+00	7.007731e-03
7.900000000000006e+00	7.102304e-03
8.000000000000000e+00	7.196886e-03
8.100000000000009e+00	7.291475e-03
8.200000000000003e+00	7.386073e-03
8.299999999999997e+00	7.480680e-03
8.400000000000006e+00	7.575294e-03
8.500000000000000e+00	7.669915e-03
8.600000000000009e+00	7.764544e-03
8.700000000000003e+00	7.859181e-03
8.799999999999997e+00	7.953824e-03
8.900000000000006e+00	8.048475e-03
9.000000000000000e+00	8.143132e-03
9.100000000000009e+00	8.237795e-03
9.200000000000003e+00	8.332466e-03
9.299999999999997e+00	8.427142e-03
9.400000000000006e+00	8.521825e-03
9.500000000000000e+00	8.616514e-03
9.600000000000009e+00	8.711208e-03
9.700000000000003e+00	8.805908e-03
9.799999999999997e+00	8.900614e-03
9.900000000000006e+00	8.995326e-03
1.000000000000000e+01	9.090044e-03
